1001 1 1 123456789 1 1 2026 0 0 0 45.0 55.0 Created
1002 1 101 212345678 3 1 2026 0 0 0 32.5 45.5 Created
1003 3 201 312345678 5 1 2026 0 0 0 180.0 2900.0 Created
1004 4 6 412345678 8 1 2026 0 0 0 67.0 78.0 Created
1005 5 105 512345678 10 1 2026 0 0 0 29.5 38.5 Created
1006 5 205 null 12 1 2026 0 0 0 210.0 5485.0 Created
1007 7 3 null 15 1 2026 0 0 0 58.0 73.0 Created
1008 8 108 null 18 1 2026 0 0 0 41.0 48.0 Created
1009 8 209 null 20 1 2026 0 0 0 155.0 2813.0 Created
1010 10 10 null 25 1 2026 0 0 0 72.0 88.0 Created
